
Введите количество строк (столбцов) квадратной матрицы в интервале от 10 до 100: 10
Введите число К=1
матрица F промежуточное время = 0.00 seconds.
    0     0     0     0     0     0     0     0     0     0 
    0     0     0     0     0     0     0     0     0     0 
    0     0     0     0     0     0     0     0     0     0 
    0     0     0     0     0     0     0     0     0     0 
    0     0     0     0     0     0     0     0     0     0 
    0     0     0     0     0     0     0     0     0     0 
    0     0     0     0     0     0     0     0     0     0 
    0     0     0     0     0     0     0     0     0     0 
    0     0     0     0     0     0     0     0     0     0 
    0     0     0     0     0     0     0     0     0     0 
матрица F промежуточное время = 0.00 seconds.
   -1     9     4     6    -6     7     0    -6    -2    -8 
   -9     2    -3    -1     5     9    -9    -3     5     6 
   -6    -3     4    -4     7     5     4    -5   -10     4 
    3    -7    -4   -10     0   -10     8     5     3    -2 
    0    -6    -5     9     2     5    -6    -6     0     2 
   -7    -6    -6     7    -7    -4     2    -8     8     6 
   -4    -4    -4    -2     7    -9     6     2     9    -4 
    1     8     8     6     6    -8     4    -2     5     9 
   -5    -2    -4    -8    -1     2     4    -2   -10     1 
   -1     3     0   -10    -3     1   -10    -5    -4     7 
матрица E промежуточное время = 0.00 seconds.
   -1     9     4     6    -6 
   -9     2    -3    -1     5 
   -6    -3     4    -4     7 
    3    -7    -4   -10     0 
    0    -6    -5     9     2 
Область 1 в нечетных столбцах состоит из : [4, -3]
Минимальный элемент в 1ой области в нечетных столбцах =  -3
Область 3 в нечетных строках состоит из : [-6, -5, 9]
Сумма элементов в 3ей области в нечетных строках =  -2
матрица B промежуточное время = 0.00 seconds.
    7     0    -6    -2    -8 
    9    -9    -3     5     6 
    5     4    -5   -10     4 
  -10     8     5     3    -2 
    5    -6    -6     0     2 
Минимальный элемент в области 2 < суммы элементов в области 3 => меняем подматрицы B и E местами нессиметрично 

матрица F промежуточное время = 0.00 seconds.
    7     0    -6    -2    -8    -1     9     4     6    -6 
    9    -9    -3     5     6    -9     2    -3    -1     5 
    5     4    -5   -10     4    -6    -3     4    -4     7 
  -10     8     5     3    -2     3    -7    -4   -10     0 
    5    -6    -6     0     2     0    -6    -5     9     2 
   -7    -6    -6     7    -7    -4     2    -8     8     6 
   -4    -4    -4    -2     7    -9     6     2     9    -4 
    1     8     8     6     6    -8     4    -2     5     9 
   -5    -2    -4    -8    -1     2     4    -2   -10     1 
   -1     3     0   -10    -3     1   -10    -5    -4     7 
матрица A промежуточное время = 0.00 seconds.
   -1     9     4     6    -6     7     0    -6    -2    -8 
   -9     2    -3    -1     5     9    -9    -3     5     6 
   -6    -3     4    -4     7     5     4    -5   -10     4 
    3    -7    -4   -10     0   -10     8     5     3    -2 
    0    -6    -5     9     2     5    -6    -6     0     2 
   -7    -6    -6     7    -7    -4     2    -8     8     6 
   -4    -4    -4    -2     7    -9     6     2     9    -4 
    1     8     8     6     6    -8     4    -2     5     9 
   -5    -2    -4    -8    -1     2     4    -2   -10     1 
   -1     3     0   -10    -3     1   -10    -5    -4     7 


матрица K*F промежуточное время = 0.00 seconds.
    7     0    -6    -2    -8    -1     9     4     6    -6 
    9    -9    -3     5     6    -9     2    -3    -1     5 
    5     4    -5   -10     4    -6    -3     4    -4     7 
  -10     8     5     3    -2     3    -7    -4   -10     0 
    5    -6    -6     0     2     0    -6    -5     9     2 
   -7    -6    -6     7    -7    -4     2    -8     8     6 
   -4    -4    -4    -2     7    -9     6     2     9    -4 
    1     8     8     6     6    -8     4    -2     5     9 
   -5    -2    -4    -8    -1     2     4    -2   -10     1 
   -1     3     0   -10    -3     1   -10    -5    -4     7 
матрица K*F*A промежуточное время = 0.00 seconds.
  -26   115    30    25     6  -104   160    62    97  -134 
  157    40    27   -48   -63    -8     1    36   -97  -191 
   30   223   104   132    -9   184  -260   -84   -13    49 
  -30  -100   -28   -45    47    50  -108    28    60   138 
   57    11   -48   -32  -185    75   -22   -24  -157   -94 
   84  -110  -107  -349   -76  -154    72   173   -93   -86 
   58   -44   -37   -16   110   -49    64    86   -60   -69 
  -99   -44   -46  -246   142   120   -98   -55  -148    58 
   40     4     3   123    -1   -45   -86    33   154     1 
  -15   108    52    23  -109   230  -253   -80  -108    86 
матрица A^T промежуточное время = 0.00 seconds.
    7     9     5   -10     5    -7    -4     1    -5    -1 
    0    -9     4     8    -6    -6    -4     8    -2     3 
   -6    -3    -5     5    -6    -6    -4     8    -4     0 
   -2     5   -10     3     0     7    -2     6    -8   -10 
   -8     6     4    -2     2    -7     7     6    -1    -3 
   -1    -9    -6     3     0    -4    -9    -8     2     1 
    9     2    -3    -7    -6     2     6     4     4   -10 
    4    -3     4    -4    -5    -8     2    -2    -2    -5 
    6    -1    -4   -10     9     8     9     5   -10    -4 
   -6     5     7     0     2     6    -4     9     1     7 
матрица K*AT промежуточное время = 0.00 seconds.
    7     9     5   -10     5    -7    -4     1    -5    -1 
    0    -9     4     8    -6    -6    -4     8    -2     3 
   -6    -3    -5     5    -6    -6    -4     8    -4     0 
   -2     5   -10     3     0     7    -2     6    -8   -10 
   -8     6     4    -2     2    -7     7     6    -1    -3 
   -1    -9    -6     3     0    -4    -9    -8     2     1 
    9     2    -3    -7    -6     2     6     4     4   -10 
    4    -3     4    -4    -5    -8     2    -2    -2    -5 
    6    -1    -4   -10     9     8     9     5   -10    -4 
   -6     5     7     0     2     6    -4     9     1     7 
матрица (K*F)*A-K*A^T промежуточное время = 0.00 seconds.
  -33   106    25    35     1   -97   164    61   102  -133 
  157    49    23   -56   -57    -2     5    28   -95  -194 
   36   226   109   127    -3   190  -256   -92    -9    49 
  -28  -105   -18   -48    47    43  -106    22    68   148 
   65     5   -52   -30  -187    82   -29   -30  -156   -91 
   85  -101  -101  -352   -76  -150    81   181   -95   -87 
   49   -46   -34    -9   116   -51    58    82   -64   -59 
 -103   -41   -50  -242   147   128  -100   -53  -146    63 
   34     5     7   133   -10   -53   -95    28   164     5 
   -9   103    45    23  -111   224  -249   -89  -109    79 
Program time: 0.00813150405883789 seconds.

Process finished with exit code 0
